49
1 14
3
0.032339 0.013421 0.104675 0.174633 0.057927 0.208138 0.180010 0.229228 0.311709 -0.170758 -0.107507 0.028097 0.223603 -0.039587 0.229170 -0.022063 0.317830 0.032194 0.209710 -0.152984 0.016750 0.020437 0.038156 -0.021773 0.144087 0.201151 0.076858 0.291007 0.215777 -0.084537 0.010552 0.117291 0.207294 0.068168 0.097918 0.233414 0.444587 -0.047617 -0.142702 0.026346 0.512866 0.155901 0.232502 0.067428 0.016276 0.247259 0.017217 -0.020507 0.084434
0.147957 0.280054 0.265532 0.062858 0.213134 0.028056 0.206266 0.190303 -0.039447 0.155309 0.029991 0.079796 0.031419 0.162232 0.261503 0.203634 0.130948 0.220884 0.072933 0.189595 0.250724 0.277517 0.271663 0.292557 0.167114 0.278990 0.227005 0.092461 0.345090 0.085293 0.166832 0.020110 0.211462 -0.042702 0.270421 0.105525 0.212800 0.200530 0.260674 0.262686 0.116481 0.328000 0.082859 0.186218 0.224718 0.178204 0.308251 0.211880 0.130918
0.253962 0.279747 0.070677 0.381133 0.327262 0.279208 0.166356 0.179115 -1.511350 0.158908 0.545897 0.024229 -0.876315 0.298162 -0.016063 -0.156333 0.475165 0.383412 0.324173 0.308840 0.261392 0.225077 0.361986 0.563469 0.237288 -0.052584 0.058584 0.176215 0.531574 -0.055997 0.127889 -0.001569 0.049920 -0.088914 0.342600 0.498277 -1.560818 -0.168413 0.648335 0.381249 -1.746603 0.503272 0.457911 0.057705 0.263278 0.044783 0.524765 0.222520 0.137513
0.233342 0.170191 0.153010 0.237156 0.267762 0.262152 0.121552 0.218957 0.008867 0.308275 0.103318 0.286697 0.218764 0.249582 0.162895 0.046632 0.231770 0.099395 0.145863 0.114167 0.243207 0.182920 0.073664 0.122860 0.010227 0.125199 0.160702 0.184053 0.068599 0.109986 0.035651 0.244425 0.186323 0.217477 0.183499 -0.040621 -0.055576 -0.039855 -0.034172 0.233386 0.059113 0.191701 0.278079 0.066033 0.089333 0.026041 0.217540 0.161152 0.231848
-0.014860 0.013702 0.156364 0.082048 0.100075 0.124991 0.223852 0.095965 1.024911 -0.242540 -0.145879 -0.231759 0.793782 0.111889 0.291870 -0.246070 0.310568 -0.017331 0.197173 -0.680337 -0.165953 0.162805 -0.151780 -0.344163 0.193880 0.171933 0.032312 0.298267 0.334122 -0.234610 0.066840 0.386926 0.288116 -0.238007 0.247375 0.278555 1.536244 0.349222 -0.314834 -0.221032 1.614140 0.238182 0.056200 0.031202 0.221213 0.053307 0.033058 0.001440 0.112821
0.026008 0.225526 0.204362 0.021449 0.148361 0.243125 0.255509 0.146412 0.147318 -0.320062 0.060139 -0.175477 0.339874 0.222160 0.241290 -0.268600 0.399134 0.157389 0.146112 -0.385363 0.005522 0.076509 -0.055578 0.028294 0.152910 0.098472 0.123473 0.110383 0.132973 -0.197450 0.007274 0.118725 0.287988 -0.075026 0.320788 0.185381 0.557418 0.060577 -0.211123 0.034390 0.554508 0.306280 0.113975 0.200796 0.003101 0.225573 0.031416 -0.037668 0.285725
0.276779 0.092618 0.182362 0.306450 0.181740 0.263115 0.149880 0.205454 0.095155 0.051788 0.224957 0.230678 -0.044449 0.133533 0.060934 -0.019396 0.136897 0.229281 0.216636 0.051349 0.230964 0.026229 0.207195 0.165269 0.073507 0.012366 0.186020 0.064194 0.212381 0.264230 0.041763 -0.001123 0.252207 0.096903 0.297714 0.121259 0.026462 -0.005750 0.215617 0.301215 0.105715 0.246365 0.166019 0.285673 0.092909 0.227405 0.051362 0.087419 0.217284
0.056417 0.026112 0.276219 0.259634 0.310608 0.002716 0.069359 0.028009 0.453151 0.440533 0.009911 0.579337 0.244932 -0.014106 0.201268 0.669935 -0.472424 0.223054 -0.306873 0.560522 0.281404 0.253311 -0.061829 0.206766 -0.005985 0.186563 -0.161813 0.001373 -0.507022 0.383125 0.151590 0.200534 0.284919 0.519193 -0.400479 -0.351477 -0.172547 0.026212 -0.211120 -0.203774 -0.041378 -0.369643 0.149519 0.224989 0.067009 0.168831 0.221653 -0.126905 0.016271
0.109850 0.036720 0.094359 0.066962 0.171762 0.280096 0.207925 0.223210 0.362120 0.651344 -0.112788 0.685536 0.322749 0.094491 0.167978 0.650504 -0.448042 0.106190 -0.512188 0.582149 0.253668 0.180676 0.027279 0.238606 0.255130 0.179906 0.053501 0.299943 -0.651132 0.454459 0.243023 0.223507 0.070398 0.706980 -0.463932 -0.395826 -0.321047 -0.241977 -0.155259 -0.002813 -0.150372 -0.522947 0.063461 0.204818 0.179722 0.328986 0.073379 -0.028181 0.105165
0.242304 0.128919 0.097570 0.119588 0.081910 0.139634 0.219584 0.025669 0.521429 -0.086723 -0.188699 0.100515 0.358592 -0.018732 0.129192 0.013877 0.035000 0.005036 0.008257 -0.265567 -0.013645 0.050735 -0.106969 0.067973 0.189231 0.251253 -0.159170 0.108917 0.195763 0.054887 0.063260 0.046416 0.085367 -0.102807 0.162868 0.063642 0.607290 0.073398 -0.218343 -0.026196 0.603021 0.075596 -0.007156 0.123511 0.295166 0.194052 0.181181 0.132109 0.100765
0.053596 0.289360 0.241124 0.170000 0.239058 0.087810 0.247275 0.052680 0.264239 0.045157 0.060515 -0.042238 0.106867 0.071379 0.092160 0.069813 0.143252 0.038274 0.185065 0.064066 0.079495 0.115414 0.062936 0.226376 0.297411 0.136143 0.084117 0.258851 0.063048 0.059685 0.132658 0.178592 0.128378 0.056297 0.088986 0.190455 0.215597 0.254215 0.092434 -0.019662 0.139844 0.277407 0.109695 0.241628 0.177976 0.203558 0.135289 0.160822 0.042720
0.206488 0.023150 0.262127 0.067461 0.253361 0.208453 0.094287 0.180556 0.706461 0.408226 -0.233978 0.470060 0.425122 0.083239 0.164685 0.344265 -0.390257 -0.023882 -0.429586 0.138599 0.194932 0.194999 -0.116719 0.148535 0.165514 0.124293 -0.235030 0.041964 -0.487541 0.336767 0.153426 0.101780 0.085282 0.325238 -0.354206 -0.307769 0.176112 -0.121424 -0.262228 -0.340336 0.334670 -0.247564 -0.031578 0.192138 0.147298 0.164164 -0.053605 0.026339 0.259023
0.079658 0.260887 0.220909 0.315427 0.149412 0.229364 0.127987 0.184887 -0.413738 -0.184312 0.133647 -0.069929 -0.120879 0.254074 0.018751 -0.250120 0.477884 0.176660 0.220302 0.008442 0.128238 0.107726 -0.018704 0.373413 0.213649 0.151274 0.053794 0.136207 0.304248 -0.042170 0.250339 0.236065 0.216776 -0.016645 0.313268 0.281009 -0.196711 -0.104746 0.057007 0.072140 -0.414911 0.182085 0.321751 0.162304 0.186808 0.209545 0.264433 0.301735 0.180258
0.165045 0.072736 0.062819 0.036263 0.178034 0.227992 0.089002 0.244434 0.039355 0.138142 0.054132 0.323175 0.166907 0.159079 0.109283 0.095478 0.229454 0.232225 0.117310 0.276468 0.212443 0.202371 0.328622 0.094854 0.055886 0.118296 0.243128 0.197903 0.152636 0.069783 0.254378 0.015725 0.103606 0.314834 0.166370 0.285299 0.154578 0.268178 0.122552 0.096214 -0.021467 0.049761 0.123496 0.246256 0.152777 0.174032 0.234310 0.179390 0.178639
-0.710480 -0.058581 2.677822 -0.043978 -2.792086 -0.904440 -0.015802 0.658771 0.980976 -0.871026 -0.389259 0.040398 0.061336 0.130686
0.194850 -0.566127 -3.647427 -0.345968 1.480363 0.135569 -0.572873 0.929676 1.193490 0.491944 -0.228136 1.182445 -1.137886 -0.409699
0.267401 0.206192 0.437534 -0.204908 1.276626 0.823786 0.111400 -1.794028 -2.327462 -0.026276 0.042746 -1.470207 0.452547 -0.019701
